31 vm. 11111.. 8011er nomm ΕΤ 8111301103. 8 ¹

31ἶ1ᾱ1ί1111υ1111ἓὲξ111111111111111 11111111, 111 11111 111 1111111111 11, 1111111 1111 11111111 111111 3111111 ιιιιιι
1111 111111 .

11111νυί1111 1111111111 1111 partem, quae confessionam Augustam continet, 1111111111 nou do· 1
, scriptionum Vol. XXVI. p. 695 11111. addenda 111. Equidem duo 1111111 11111111ιὶ11 exempla 11 mnibus 111111, ι

quorum unum 11111 pauidam 11111111 e Bibliotheca marim 111111ιὶ 1) depromat. lu 1111111 neutro 11111 4 unm
h fine Pfflletezlssw 1111111111 parto ‚ seilicet 1111111111 , 1111111111· 11 111111. 11111111. &h 3. p. 136-140.
hane 11111 exemplorum varietatem: 1,-11111111111 111 1) 111 1111111111 111111, 111111 1111111111 111 11111111 111
1533. 111 111111 3. 1111111111111 1111111111. 11111 11 111 11111111 111 1111111111 111 1111111 11111111111111111, 1111111

3111111111 11111 3111 61111111 11111111 111, 11111111 311111111111 11111111 111 1111111111 1111111111, 11 1111 11 1111111 1

11111131111111111111111111111,111111111111 1111111111 11111 111, 111 111 1111111 311111111111111 111111 1111111111
1111111111111111111111131111111 11111111. 31111 1311111111111 31111111 111111111111 111 11111 1111111111. 31

1311111.6.196.8. 10. 11111 1111 111 11111 1111111 Β. 1611111111 11 1111111111 311. 1. 11111111 1111111111 j

111 61111111111111, 1111111111 111111, 31113. 13. 1111 11111 1111111 1111111111 11 11 11111111 &euolat
131. 3111. 8. 13. 111 18. 1111111111 111111 111111, 1111111111 1111111111 &nt 1111111111111111 111. 3 1. 3 3. 11111
1111111 111111, 111 11111, 1111111711113111 8. 10. 111 11111111, 111 111, 1111111111111161111 313. mla·
’ 1111111111111111 111111111, 1111111113. 7. 11111111 1111111111 111111111 (111111111111111 11111 611118. 16.
11 111111 1111 1111111 111 111 1111. 311 111 11111111 11111 111111 1111111111 11111, 111 111 111 11111111 11111111 111

’ 111111111111111111111111,111 3111111111 11111 36111111 1111111111 111, 1111111111 11111111 11111111 1111 1111 11 111 “
111111 1111 11111111 131111 111 1111111111. 3. 1111511.111111111111, 61. 1. 61311. 11 111116 1111111111 ,
31111111111111111111111 131111 1111111111, 111 111111 3)111111111111111111 11111111 111 1111 311111 (1111111111, ι

111111 1111 13 111111111111111,11111111111111111111111111 1111111111 1111, 111 11111111 111111 1111 11 1111111
11,111 111 11111111 1111 3. 1611111111. 316. n. 11111 111 11111111 111 15331111111161. 311 1111111111
3111111111 11111 11; ,11111111 1111111111 1111 111111 111 111 11111111 11111, 11111111 1111111. 011111 1111111111 11111,
1111111 11111 111 1111 11111111, 1111111 111111 11111111 11111111, 1111111151, 111 1111111111 611111 111111 111, 111 111.
111111111111111111.’ 111 11111 1111 11311611111111111. 3111111111 3111111111 1111 1111111 111 31111 ,11111
1111111161111111111 111 11 11111111 1111 11111 11111 1111111111 111111111 111111111· 31 11 111111111

1111111111 11111 11 111 11111111 111 1533, 11111111 1161111 111 111111 1111111111 111 311111, 11111111 111 11 111 11111.

11111111 111111111111111111 1111 11111111, 111111. 61111111. 111111 111 1111 1111111 1111111111 811111 111 1. 1111. 111
61111111113111 11111111 111. 3151111111111111111111111111 111 1111111111 1111 11111 1111111111 1111111111 tu

. 11111111, 111111 111 111111 3 11111111 ’

His ox 3111111ιί 1111111111, memorandum 111, quod 11111 ln exemplo Bugonhagu 11 1111111111
Romano 1111111111 inveni. 111111, 1113411111. 13. in neutro horum exemplorum legitur: 111111 loeo 1., 111,
341111. 10. 1111111111111111111111111111 3., 111. 3 4b 111. 18. utrumque 1111111111 111 Gutta 1111111111.
11111 1111 4.,111. 361 lin. 4. 5.11 11111111 1111111111111 111 1111 11111111 1111 5., 111. 3 3· 111. 1311 utroqunz
1111111 11111 6., 111 3 5· 111. 9.11 1111111111111111111111 1⁰⁰⁰ 7.. 11117· 1111. 10. 111 1111011111 bet 1111111111
1 loeo 6., rol. 3 8b 111. 13. utrumque 1115111111. 1111111111 1111111111 (111111111111111111111111ηοὶ616.111.7.111111
111 (pro 11111111) 11111. 3 6· 111. 15. 1111 (pro 1111); uno 11111111 1111 9., 111. 1 1· 111. 1-7. haec 11111 exempla
11111 se 1111111111, 111111111ςί1 enim exemplum 11111111 111 311111 11111111, 111 11111 111 111 1111111111. 11161 11
11111 1111111 1111111, 111111 Ι 1111111 1111 11111111, 11111111, 111 1111 11111 111111 1111111 11111, 111 1111 11111, 1111
1111 1111111111 11111 111111 1111111111, 1111 Ι 1111111 111111 11111 11111111111111111 Ι 1111111 1111, 11111 111111 1111 111111
abhoc exemplo meum 11ιί11 111. 1--8.111 6111111 111 611111 11111 111 11 11111111 1111 1111111111 1111111111 111
1111111 11111111.. 11111 Ι 1111111 111 1111 11111111, 11111111111111111 11111111, 1111111161, 111 1111 1111 11111 111111· Ι 111
111111, 111 111 111111, 1111111 1111 111111111111111 1111111111111 11111111 1111111 11111 1111111111, mle 111 11111111
1111, 1111 1111111111111111111111111111 11111 111 in meo exemplo 11111111 13 nnumin innantem 11111111.

1)ι1“ collectionibus, 111 (1111111111 ,1111 1633. 11111111 1546111111 111, Β111111111 1. Ι. 61. 4.
p. 55. 11111 retem ,5) 1111 11111611 31111111 111 11331111 13461111 111 11111111111111111111 1311111 1111111, 1¹. 3.
11111 1557; 111 11111111111111. 61111. 1560 3 111 111 1111111111 1565. ’1) 1111 1111111111111 1111111111 1561.
311 1111 1111ὓ1111 11111111 1111111111 3111111111 111 1111111111 111111111 111 111

ιι, 3 111111131111611111111,111111111111.1.1. 11111 111111113111111111111.
enm .111111111111.11.11.ρ.1111111111 ,

·’1 samonem 1111111111 11111111 11 111111- cm 1111111111 et 1111111111 mm em, ειιιιιι venem ιιι
111. 11111111. 1 11. ρ. 111. 111111.

·) ἒξ aemma οιωωξῐ1εξῇἱι1ἓξιι1ω1ιωιε 1111111111 1111 mm 11, ιι qma 111 1111111311 111 11111 mu
111

 

