878 ll. 11101008. L. 1110οΧ 0811101011 ΡΗ15. 51115.

vin Hieronymi 784.

05 55111115 81555515 748.

05 11515 Ρ55111 Dono ost 515. 746.
05115151 14115515 15511551 sto. 750.
Dion-imon 1155155155 5115155111 515511 758.
05 05151555 Ρ1155155 788.

05115151 315 15155155 515. 775. “
05 11115515 51 55151555 0551551115 788.
05 111555 1511555 55115 788.

05 115151 Ego pro 15 oravi 515. 793.
05 115151 Posui verbs 555 515. 799.
05 dignitato 51115 51511555 808.

05 5151115 111515155 555 deserendis 811.
05 155555 ltoffl'omontsno 817.

05 5115 1411555555 886.

05 0555515 (55515515 888.

05115151 ’15555 5515 515. 841.
05115151 Probet unnsquisque 515 848.
05 studiis linguas Graecae 855.

05 515115 linguas 0515555 867.

05 55551151551555 5555111 877.

Ds 51555 15115515 55555 888.

05115151 Potor, snnotifioo 555 515. 889.
05 115151 Semo (1511511 5551151515. 895.

0511515 Solomonis: 1155511 homo 515 901.

05 115151 515551551515555 515. 908.
05 legibus 908. ,

05 logum 15511555 51555515 918.

05 5551551515 51 antipathia 984.

05 1555155 5171155511.

05 15511155 5551551155 939.

05 5511555515511555 551115 947.
05 155555 Duos Snx. 111551. 954.
11115155 Duos Son. Elsot. 988.

05 11511515 Rogo Hnngsrlos 970.
05 5155511555 988. .

05 delinitione 155111155 898.

05 (35551555 Phorosnsis 999.

05 511155 55111155 1011.

05155515 institis 1018.

05 1155155115 0555 11511555. 1081.
05 5511511515 Christi 1030.

Vol. XII.

05 551551515 01155111 5.
05 reverentis logum 18.

05 dignitato logum 19.

- 05 55515515 87.

05 1115515 84.

05 011555 48.

05 1111151155 1155151. 0151155. 88.
05 Sibylla Principe 81.

05 (1551515 Ρ1155. 11511511. 68.

05 dignitato Prinoipnm 01551. 79.
05 Hieron. 85115111. 86.

05 legs Pisonit 95.

05 55151111 051 101.

05 15155515 107.

05 11115 5511511118. .
05 8511515 3111551515 119.

05 coningio 187.

05 15115115 1155155155 188.

05 discrimino legum 5511155155 148.
05 dignitato studii 15115 158.

05 55515 Constantinopoli 153.

· 05 855515 11551555 161.

05 555515 pntrsfsotionis 1⁷3„

05 5115 51 55115115 Plinii 188.

05 sosio 15555 195.

05 Ρ551115515 ambitione 800.

05 55115555 51 15 1155115155 51151155 807.
05 5515 15515 loquendi 818.

05 1551151555 nsn 881.

0515511 555 1515151111 885.

05 11155515 0555 Brnnsvioonsi 880.
055151115 vetetis 55155555155 840. ’
05111555511515151555 884.

05 aphorismo 11ιο Ρ51115 11. 871.
05 (11555115 11551555 877.

05 15151155 1155515 886.

05 sits Bngonlssgii 895.

05 55555555 Bononiensi 307.

05 oonsidsrstions 55155115 hnmani 317.
145 virtutos 5151 55511551 884.

05 confimo appellationibus 881.

05 51555115 5 55555 5. 889.

05 dicto Psnli 115555. 1v. 845.
(11555115 Ρ551555 850.

0151155115 ,1555115511 XLII. 880.

05 15515515 chtisti 968.

05 115151. Ρ515115. 17. 878.

· 05 11515 coloss. 111. 888.
. 05 1155555551. 11555515 885.

 

