517 n. molens. 818881 Γ158111110810111111. E. mou.

58881881 (761188), Cup. 855. ι eum, 188858 754.
1188388818. 881888. 451. 5888888, Panlo 756.
’ 8888188818111818. 757.
(188888188588188888 768.
08818818,88888881.856.188888118,188881788.
Fabricio, Wolfg. 881. Ρ88818818, 58818. 888.
11811888,188881, 81 1188888818, (58181885. 848. 5818888, 18. 874.
888888, 588818 858.
nere-bunio, 888.. 8818. 101 ¹¹·
0881818888, 1888188 1018. 58881816888188881150. ⁰
5818, 181881881055. . 5811183888. 5888150.
8881888, 1888811080. 586183888058181888164.
Ρ818,1888811088.18188188 auidam 165.
11881888, 5881888. 1088. 8118818, ottoni 180.
8818111888, 1188818188 1041. Ursino, 58818 818.
8811181888, 188881 1165. 581051181888811881. 461.
8881185111·
18., 01818888 18888 18.

vallae. 588188 588.

14811888, 1188818186.
11838818, nubem 188.
3881818858 511.
118881888188185.
51818188888868888 810.
58181838,11888,8811881888, 11888. Andr. 818.
Dryoxilo (5181818818), (18883 861.
8818888888188881488.
11881813, 0188. 448.

Pastori 18 5881188 658.
5888881588 788.

N. N. 781.
581118148888888 857.
11838818 808. 808.
5881881858, Antan. 844.

8888888817, 588888 887.

5181888888, 18888881. 1058.
8888888,18881 1071. 8
Ursino, 188881 455.

581888 881018 1084.
18838888, 5., 401.

machoro, 88888 888. , 101 ¹
Ρ88888 8816888 600. (18888858, 8838618 47.
’ (18818818, 18188188 658. 18., 818881 48.
1183881, autberto 681. Andreae 48.
8 58838, 18888188 747. ’ Pauperi 18888 48.
11811888, 818881 758. , 1711118, 118888, ot Bboevein, 1818. 171.

87810888881181818. 81. 6811868883. 648.

DICTA IN 8881888 1888888888

summ Α MELANTHONE.
mdo 888 x, p. 888-888.)

Vol. 18883. 836. 887. vol. VII, 158. 518. 714. 715. 888. 1166.1168.1170.
vot V, 577. 578. 454. 850. Vol. VIII, 58. 186. 888.

vot Vl, 5. 187. 574. 806. Vol. lx, 416. 705.1010. 1085.

 

