111110111111001 EORUM HOMINUM.

QUIBUS 711110177Ηο17 1111870109, 98087011οΜ8 ΕΤ 10111010 8780811817.
(0011·11801 prolixior 701, X. p. 889-488.)

vunnu—·.·—

0115110118. 0151110610. 781. 788. 988. 978. 1018. 1086. - 17, 108.
0008018011 (805080001511010,1)111 1101111501 umento} 880. 514. 758. 818. 878. -7, 41. 195. 805886.
0018101 11001111 1111101111001111 1011110 edidit), 888. 808. 817. 854. 855. 888. 411. 412. 448. 510.
Π, 0010811190.100.911.-ΙΠ,118.189.514.148.790.811.811 907. -· 71, 111. 145.
518. ’05871548- 544. 561. 568. 589. 590. 591. 5981185800. 848. 858. 488. 478. 688. 6401 708.’ 711.
598. 1109.- 17, 99. 100. 770. 779. 801. ··· V, · 788. 7581859. 885. - VII, 168. 190. 858. 890. '
840. 488. 685. 890. - 71, 18. 60. 171. 808508. 409. ·414. 458. 585551.590.685.675.775.-71Π,
788. 787. 803.- 711,1.06 1451 444. 999. 1081. 80. 888. 865. 890. 457. 745.·-1Χ, 71. 544. 788.
1157.- VIII, 98. 185. 8581 874 888. 488. 497. 950. 958. 1095.
785.880.881.919. -IX, 80 188. 441. 444. 584. 0150110, 0105101110. 1103111110 ot 11131105. 0111111111,
589. 614. 785. 740. 1091. -Χ, 79. 84. 86. 88. 177. 1,874.- Π, 611.
081110,11101.,111, 1069. ¹ 010110, 0111118111 (810111 0031011101111), ΠΙ, 1080.
10100, 11111001 · 1101-11, 101. 110 -1111-11110,
01311110, vid. Egydio· · 508. 517. 678. 679. 685.-7Π, 188. ·- ΙΧ, 881.
0011111010, Mami& 11011110. 01101511301118011111, 711, 888. - Χ, 150188. ⁸
Aemilio, 00013, vid. 0011111010. . 0101111010, 1 0115011010, 0181, 1987. - ι
001110101111 (11001013011111100 1111011),Π1, 880. 011011101111111, 11, 897. ·
895. *71, 115 477-711, 815. 488. 688. 846. 0115013011180111111. III, 599. 618.- 7, 498. 864.
-1111013 -· -11110110-111111111
031100110, 101111(010 Schneider 0. 8011111101111111 0101510510,7110,1,584.885. - 7, 888. .
111-05110, 1180 (011181 1110510115, 1413101οτ 81010501 0111111010, 170113,711, 808. .
0031011111111),.Ι,458 746. 757. 760. 761. 84 788 15011001801110,1,878.- 111,901.-11’,114.
789. 795 810. 818. 885. 887. 858. 888. 904. 1107. 868. 887. -7, 884. 888. 798. - 71, 88. 88. 59.
-Π, 677. 886. -111‚90. 8881789.--Ῑ7, 474. 78. 98. 94. 149.17.9 181. 885. 889. ἰ ·
749. 771. 1088. 7, 547 897. 704. -vl‚· 88. 94. 0010181001001011101108011011, 1111011111.
108.118.468.’ · · ³ ’01111010, Pastori, 11, 704.
Agricolae, 17100110, lx. 188. - · · · · ’ 0151111111 Ρ1110111510,1111.1010511101, 00013111, 10·
Agricolae, 0001310,Ι 7111, 888. 484. 857. 807. 877. 111101.
-ΙΧ, 19. 170. 178. 448. 508. 596. 680. 047. 001050130111 81101111, 7111, 888.
798. 919. 978. 1080. 1088. · “ 0105000111511 001010101011510, vn, 140.
15 0105105 (0151051. 010105), 1, 885. 10110110, 0011111 110151130111, 71, 889. ·- X, 147.
011180 (011110181110) ΠΙ, 870. ’ (011011οη8. IX, 578.

ab Albnpina, 1011, vm, 011 - ,1111110001 (1110), 1, 100. 001. 011. .- 11, 111.

· 0150101 0115010, 1111151οο, 11, 808. 8051· - 957. 958. 959. 980. 988. 984. 985. 968. 987. 988.

Alba-16. primu· 11001· 1801111110, 111.’10.518.014.1 869. 970. 978. 1014. 1085. 1·- 7, 858. 859. 895.
1101111110010101. 11111. ι

 

