111 1111111616.1.111111111611111.11611661111.661111611. nnn

8616111 6116111, X, 64. 8161611611, christophoro, 911, 622. 633. 682. 794.
Sayffido, Georgi0‚111, 511, 1100. - VIII, 91. 143. 183. 216. 226. 260. 329.
sibero, Admo, VI, 16. - VII, 825. - VIII, 830. 671. 790. - IX, 783. 1081. - X, 47.
879. -1x‚ 143. 966. 81611661, Hieronymo, VI, 115.
moldo, 166661), IX, 1033, ' , 6 8166161, Georgio, VIII, 129.
simo, peno, IX, 809, 949, 8116616,8661611616,9Π, 679. 752. 849.
8166116, 1161111116, II, 550. 8116616, Danieli, 111, 188. - V, 13. 90. - 9111, 345.
816116116, 116. 8616611611. 81136116166111, III, 412. 463. 875. 1071. 1099. -
sigismundo Angusto, Regi Polonine, ΠῙ, 966. 789. - IV, 781.-V, 352. 399. 419. 427. 481. 487. 448.
9111,869, - IX, 379, 449. 557. 759. 841. 842. 854. - 91, 62. 98. 126.
sigismundo, Arohiepieeopolingdebnrgenei, 911, 587.- 354. 562. 707. 745. 783. 817. 829. 915. - 911,
VIII, 591. 768. - ΙΧ, 512. 531. 936. 1073. 73. 138. 147. 153. 285. 286. 357. 400. 417. 459.
ἓψὼμοῃῃῃὶ, VH, 397, 341, 540. 548. 586. 594. 626. 646. 651. 691. 694. 761.
866616611616,1661111,Π,430, 765. 811. 815. 841. 858. 861. 891. 958. 982.
81166166116616116,116.9116611616, (11611116116111111, 1004. 1015. 1027. 1035. 1077. 1134. - VIII, 18.
Siffingo, g, polius &hillingQ Uffioe, II, 452, 585, 114. 172. 182. 1115. 829. 232. 257. 281. 891. 308.
81161116, Simoni, V, 421, 408. 417. 489. 829. 913. - 111, 85. 89. 154187.
8111113616,1111166,91, 646, 421. 434. 517. 644. 661. 665. 789. 747. 803.
8116116, Ionnni. V, 178. 956.
sont, 861611161116 oppidi, V, 124. 125. 365.-061· 81131166, 8666611616, 91, 217.
616161611616 8666111116, ΙΧ, 182. · 8106616116, 1116166166,1Π, 1068. - V, 445. 459.
861116, Georgio, 111, 1091. 1106. 81661616, 1661111, 1, 16.
8611661166, Senatui 61116 oppidi, V, 77. ⁸ {Olberg’ 0611111616, ΙΠ, 1192. -·· VIII, 37. -
86 ’1116,9Π,793. 14. ·
Spffltino, Georgio, l, 41. 48. 45. 49. 50. 51. 55. 56. 8116661661ιί, Ii, 662. 681. 688. 867.
74. 80. 103. 107. 118. 127. 158, 202. 206. 207. seronem, 1116666111, 838. 1107.
262. 266. 267. 271. 272. 279. 281. 358. 860. 81686116,9161611116,91, 830. 465. 480. 5118603680.
362. 364. 365. 390. 396. 417. 442. 445. 448. 450. 827. - vn. 133138. 338. 406. 470. 651. 760.
451. 455. 458. 462. 463. 476. 487. 491. 514518. 1056. 1096. 1138. - VIII, 191. 505. ·— 116111.
539. 1141, 547. 563. 565. 568. 569. 570. 572. 574. 792.
575. 57111583. 604. 605. 606. 607. 611. 612. 616. , 81111160661116,1Χ, 1065.
,617. 624. 6266891 645. 651. 652. 655. 663. 673. 811616616116. Aendeminie 61 6161166616.
676. 694. 695. 696. 728. 730. 781. 732. 761. 762. 8111111, e. 8111166666 (etiam Opereo), Georgio, I, 571.
785. 794. 795. 600. 854. 865. 880. 895. 896. 897. 781. 893. 924. 928. 929. - Π, 961. - 111, 71.
898. 902. 907. 911. 913. 944. 996. 1016. 1017. 269. 499. 500. ··.· IV, 863. -9,157.-91, 402.
11018. 1035. 11131 -π Π. 9. 16. 24. 388. 480. 81611116,1661111,11, 874. 917. -- 19, 903. ·- VIII,
..408 492.. 508. 555. 562. 565. 578. 583. 584596. 809. - X, 149.
3983604.. 16081610. 615. 616. 625. 651. 658. 694. 81611116,166111, III, 222.

611. 616. 161. 116. 116. 111. 661. 111. 611611. 6611661166, 1. 161.- 11, 161,
- ΠΙ, 88. 97. 298. 326. 829.’391.1451.761.786. 81161116, vid. 8611161116.
611. 880. 611. 616. 111. 1616. 1666- 11, 111. eumenem, 11111161. 11111.
888. 161. 116. 111. 808. 611. 616. 880. 166116. 611611,1. 6116111, 111111, 11, 888. 611. - 1, 11.
- 1, 88. 116. 116. 888. 116. 161. 1661111111. 161, 166. -111, 1611.
Spoletini 166166, 9, 066. Τ166116,111111., IX, 899.

ΒΜ nepotibus, X, 45. Tangerminnde, 861611161616 oppidi, VIII, 141.
Spnngnxnbeggio, 166111, 9, 333. - VII, 309. 318. 335. Ι Τ6ξ1711ὂ116, Ioanni, comiti, 11168. - V, 872. 713.
... ‚ , ,
Spongenbergio, OyrInoo, lilio 1661111, 911, 644. 6161661661111, 061161616.,ΙΠ, 6.
Spenglero, Luorn, I, 901. 921. 1069. - 11, 684. 6161161611,Ιο6111610661ς16,9Π1,914.
717. ¹ Tetteibeoh, christoph.. VII, 941. 942.
Spigelii, 8166111, 6116, 91, 669. 6 1611166111, e. Toydlleben, (11611616, 11196. -9, 453.
6 8166161, Christophoro, 11, 273. 61116111, 1166166166, 1, 593. ·- II, 889.
66116111, christoph.. 1, 888. Theodoro (propr. 11161611, vno, 11, 40. 48. 81. 166.
9611116111161661, 916. -.- 91, 245. 469. 639. - 126. 141. 146. 157. 161. 174. 196. 228. 230. 241.
911, 549. 559. 657. 721. 1113. 252. 259. 314. 328. 336.. 361. 438. 963. 978. ·-

 

