1

13 11. ’110101111111111101111111111111111 B. ALTERA. 14

1. G. Bormmus 1111. 81111111111111111111111613.111111111111, 8111111. 111. 81111111111111
15 hm 1111111111 principis Apologia germanicae 1111 Editio„ 111111 Apologia 1111111 1, 1531. 8ο comm
1111111111111111,11111 11111111 8111111111 11111111111111 ante 1111113111 1111111 1111111111 a. 1531. quaten
1111111111111 1111111111 ⁴⁶) (1111. v01.xxvfl.p. 401 s .), 11 1111111111111 opinioni 11111 1111 suffragatum,
1111 vero 1111111111 suum 1111111111 1111111111111111 11 harum Editionum 1111111 Apologia 111111 me 11111-
111, quapropter p. 115. 1111111 porgit: ,- 11 111 11111111111111111111111 11 1111 1111111111 1111111 1111111-111111111 ·
11111 secundum Ed. 11111111 1111111 Apol. 1. 1531. 81] 1111111111 1111111 111111, 11111 1115111111 1111 111111 1111
1111111 11111111 1111111111 1111111 gemacht 111111 1111111. 61111 1111 11111 111111 61111 111 1111111111 [111.
111. 111111111111,1111111111.911. 11111 libri Β1111111111,]11111111,111111111111111111111 11111111111111, ’
nott, 1111, 1111111111 1111111111 1116111111 1111 1111111111. 111 1111111111 1111, 11 1111 111 111 111 111111111311 ,
,111111111111 111 111 1111111111 0111111111 1111111111 111 11111111 111 311 1111 11111111 11111, 111 111 1111 11111111
1111111111 ⁶1⁰· .
11111111. p. 161 11].1111111111111 annotationem ,,6) &tue 111111111111111111 11 111 1111111111 6111111,
1111111] 111.157.1111.·1111.·) 11111111 11111, 1111111111 1111111 11111111 p· 165. 111. 15. [11510. 11113911.
,111111 111] 1111 hona 11111 sequentia 1111111111111 11 11111 mutationem· 111111 11111 11 morum 111111 1111111.) 111
η 3111111111 christum 11113. 111. 111. 5. [p. 546111. 50.1111111111]1111111 1111111111111111 1111
1111 111 1111111111 1111111111 1111 *5111 111 1111111111 1111 1111 11111 1111111111. 111 111 11111111 1111111111 11111111 111111
11 1111 1111111111 111111 111, 111 1111111 1111111111 1111111111 11111111 1111111 (111111 111 111 11111111 1111111) 111 11·
1111111111 1111111111 111. 1111111111 111 11111111111111111 11111111 811111 1111111111 111 1111 1111111 111 1111111111
111111 111111 111111111 11 111 0111111111, 11111 1111111111 111 1111111 111111 111 611111 6111111111 1111111, 11111 111 811·
11111111111161111111111111111 1111111 1111111. 1111111 11111111 111111111111111111111111 p. 135. 111111
1111, interpretatio germanica 11111 colet editionem 11. 1531. 118. (11111111 111 1111111111 111111 111 1111111111
1111111111 [scil. 811111111]11111111 111111111111 111111111111111111 1111111111,)1111111111 1111 1111111111 111 111
1111111 611111 ρ. 151. 111 111 11 11111111 1111111 11111111 ein-‘¹ ¹ '

praetem memoro, 1111 1111. p. 178. 1 8.·11 1111111111 1111111111.111111 quod 111111 11 germaniam
11111111111111111 spectum η31111111111111111111111111111 11 6111111111111111111111(1. 6.),111 1111 11 18111· -

11111 (1111. 8.), 11111 1111· 111 1111111 1111111111 111 1111 1111, 1111111 1111111111111111111111111111 ὓ11111111111 ’

(111 11111111 111 1111111111 6111111111) 1111111111 1111111111 1111 1111111111 1111111111 11 1111111111 11 impletione legis
1111111111 1111111 111 11111111111111111111111, 11 111111111111111111 111 Arne. 11111111 11111. 1111111111
1111111 111111 11111111111111 1111111111 111111111111111111, 111 11111111 1111111111 11111111 11111Ι 11111 61111111 111 111111
11 octavo) 1111111. 111 111111 111 11111111 1111 1111111111 6111111111 1111111 1111111111 1111 11· 11111111 111 1111111111
1111111111. fleo 1111 1111 111111 1111111111, 1111 111 1111 111111 ’1111111 111 111111 111 6111111 1111111111 11111111

11111111111111111111111111 11111. 8111111111 enumerat ioman) 1111111 1111111 111111 Apolo-
1111 latinae 1 1531. 8⁰ 1111111 11111111111111111 1 151111.υ 1111111. 1111111111. 3 111111111111111 111Ρ111
111-111. [p. 111111. 1111111111 finem 11111 11111111 11114. 1111111 Ea] 111 1111111111 11111111, 111 111
1111111111 1111111111 1111 111 1111111111 11111111, 11111111111111111111111111111111111111. 311 11111 1111 11111 11111
1111111111 111 1111111111 111 111 1111111111 1111111111 exemplato 5111111111111 1111111111 11111 111111111111111
p. 149-220. 1111111111 1111, 1111111111 111111111111,1111111 111111 1111111 11 111111 111111 11111 1111 11111111 111·

·) num 1111111111 111111111111111 1111111111 1111111 suo: 0111111111 111 111 1111111. 6111111111 1111111111 1111111111
61111111 111 111111111111111111111111111111111111111111111111111 111111111111111111 111 1111111111 1111111111 111
11111111111. (111. 1. 11111 1111. 8⁰) p. 159 111. 111, 1111111111 „sm 3111 1531. 111 1111111111111 111 ,1111111-
111111111111111111111111111111111111111’1111111111111111111111111111 ·
ι 1111. ⁸⁰ 11111111 {aguntum} 11ρ.115.1.51.1,,11)1111111111 1111111111 11 111 1). Runa 1111111111 1111111, 111 111
1111111111 111 1111111 11111111 1111 1111111111 11111111.Ἰ [mem 11 111. 1. p. 81. 1, 14. 1111111111 1111111111]

n 811 mmmmm 111 1111111111 a, 1111.. ¹11 111 1· ¹⁶⁷· 11111 venus: 111111. 1111111111 111 . 111. 11. 1.
1111111 m] 11 111111 1111 verbis 11111111 de sacramentis: 111 nuum 11111 emmeram 1111111111 earnem,
1111 11 111111 11111. 11111111. p. 531. 111. 11. 11. leguntur.

⁸⁸) ,1111111111 11111 11 1111111111 ἶ11111811,111111111111111)11151111 1111111 111111 11111111 1111 1111 61111111 betanus
111111 11111111 11111.11111111111111’111111111111111111111111111111
1111 111111 111 11111 1111111111 namma 1111111111 1111, 11111 1111111111111 1111 1111111111· · ·

m) ¹¹⁰⁵ &fmffl‘ ¹¹⁸⁰ ''⁸¹⁰2‘’ 11110811· 1111111 Ι11111 1111 &ingmdtgmugqenecneauegmnm managos. ¹333& 11
11111 11111111111111111111111111111111811 1111’11.ι11ῐ1111111. 1111111118ο 111Μ11111 11 111 (111 · )¹ 11

 

