11 mmmm 1111111111 'nmmum 11

wie 111111111111111111111111111111111111111111111 111 111 11111111 111 1111111111 1111111111

1111111111 1111111111’11111ι11 1111111 Qum8 1111 1111111 Φ11111111’111111 1111111111 1111111111 11111τ11’111
11111111ῑῖ 111 1111111111 1111’11111111111111111111111 11111111111111.311111ἱ111’11111 111 111111 1111111
111 111 11111111 1111 11111111 1111 1111 10111 1111ὼ1116111 11111111111111111 111 11’1111111111111111111 11111 1111
11,11111111111111,ς Q 111111111111111111111
11111 111111 1111111111111111 1111111111, 1111111 1111111 111’111111111111111111111111 11111111

11111111 1111111111111 1111111111 1111111111 111111 111111111111111111111111111111111111111111111111

111111 gil 11111 111 11111. 11111111111111111111111111111111111111111

1111111111 nu 111 1111111111) 111 1111ὧ1111 1111111 Qut» 1111 1111111111 1111 111 111 11111111 1111111 11111 1111
1111111111’1”111 1111111111111111111 1111111111 11111111111111’1111111111111111111111111111111
1111111111 Ξ111111111111”1111111111’111111111111 11 1111111111 1111111111 111 11111111 11111111 111111 1111 1111
11 11,1111111111111111,,111111111111111111111
111111 ,11111111 111111 111 11 ,1111 ,1 111 1 1
1111111111· QQQQQQQQQQQ‘Q QQQQQQ 1111111111111111111
11’1’1111 11111 111 1111 111111 111 ’11111111 111 111 1111111111111111111 1111 QQQQmQQ'QQQ 11’1”111”””
11111111111111111’111111111111111111111111111111(1111 111 menn ’111 11111111 11111111 1111111 11111111 111
11 Q 111111) 111 1111111111111111111111111111 11111 obba 11 1111 111111 111111 111111 111111
”’” ”””’” 111 111111111111111111111111111 anmffnffltieauggluwstlttw ξ”ἓ111’1111”1’11”1’1’1”ξῗ1’1’1’1’1’1’1’
m {⁶1¹3th Quas, 111 1111111111 11111 1111111111 111 1111111 1111111111’111111111ἥ11111 1111111111111111111 ·
11111,11111111111111111111111 11111, QQQQQQQQQQ ,1111
1111111 1111 111111111111111111111111111111’111 1111111111111. 11111111111111111111111
11111111* ,1111111111111 1111 QQ Q 111 111111111111111111111111 QQQ
111111111111111111111’1’11”Ῥ1’11 ¹ ”’11ι1 111’1111111”111111”’1’111’11’1111’1’1111’1”131
11111111111111111111111111111111111111111 1111111111 11111111 1111111 1&th 1111111 1111111
1111111111 1111111111 1111 QFQQ' 1111111111 111111 1111 11111111111111111111311111111 1111 1111111 1111111
11111111111111111111111111111111 111311 1 1111 111 1111111111, 11111 111 11111111 1111 1111
1111111111 11 1111111 11111111111111121811 1111 1111111111 11111111 1111’ 1111 11111111 1111111111 11111111
111 1111111111 11111111111111 11111 11118 111’ 111 111111 1111111111 1111111111, 11111111 1111111111 111
&mm 13:¹9 zleetffitbffigizstgmffmboaffffi 1,,111111111111111111 6111111111 111 111111 11111 Qut·
11111 111111
WQQMQQWQQ 1111 111 1111 111 111111 ’111111 111 11111 1111151111αὲἑὶ ’111”11”1’ξι’1’11’1’11’1’ἰ’1ῗ1’1”1”11’1’11’1’1’1’1 gg
QQQ‘QQ QQQQQQ 11111, ’1111111111 Q QQQQQQ ,111 QQQQQQQQQ‘ 111,
111 111111 111 1111111111 1111 1111111111111111 1111111 1111 11111 11111 111 11 11111 Ι11111 1151 mQQanbttqu
“st 111111111111111111111111111111 QQ QQQ 11111111111111111111111111111111 ,1,
11111111111111111111111111111111111111111111111.111
ιὐῗέξ Qei'bobcitsstmssfluttff {gb Ῑξπῗῗὲῗὲῗῴὶᾡξὲὲὲιῖιιῗᾱῗξ 11111Ἢ11”1’11ῗ1’11ξ1’11”1’11’1’1’1’1111ἳ1”1’1’1’1’1’111”1’11’1’1111”1’1’1
11111. 111111 1111111111111111111111111111111 111 1111111111,111’111111111111111111111111’1111111111
{mameluc ιτξυτ1>ῖ1ειῗ111ωῖῦε1 11εῇ 1116111ἷὶ1 imm 111111ιι1ῒ11ω ἕξ 1111 beet 11111 11111 11111111 1111111 111

1 1 111 11 11 111 1 11111 1111111111 11 111111111111111111
“¹¹⁰ ’,11111111111111111111,111111 QQQQQQQQQQQQQQQQQ
1111111)1111111111111’1111111111111111111111111 1111111111’11111111111111111111111111

 

1111 11111111111111111111 ·

