50 .. ·.5555555 5555555055 05555. - 00

11015550, Ambrosio, I, 309. 819. --111,639.. (0011. II, 918. 883. 891. ’- ΙΠ, 91. 49. 70. 166. 111.
Ῑ7,.“1·051.) 1959. 4517, 706. 805. 851. - VI, 990. 9991 418. 619. 630. 905. 0001007. -17,
··700.-711,.400.1040. ‚· · 759. 93310161093. 1095. 1098. 10541051.-

11011550, Laurentio, VI, 117. 533. 553. 581. 595. 919. 7, 979. 913. 399. 534. 535. 659. 771. 789. - VI,
- VII, 995. 930. 398. 451, 456. 509. 513. 754. 99. 66. 96. 197. 140. 975. 976. 917. 978. 510.
818. 838. 999. 1013. 1136. - VIII, 174. 635. 516. 510. 759. 759. 899. ·- VII, 141. 400. 404.
ι769. -.11, 155. 168. 176. 664. 989. 1078. 507. 713.744.161.868.1191. 1131.1135.-7111,

11011550, 10555150, 7, 834. - 71, 75. 770. 345. 348. 71. 110. 157. 979. 347. 446. 480. 590. 634166.
353. 389. 476. 614. 0777 -- VII, 70. 108. 139. 761. 767. 801. 844. -lx, 101. ἙΟ. - X, 11.
183. 398. 451. 456. 5561691. 655. 6615669. 690. 97. 98. 91180. 31. 39. 33. 34. 51. ‚50 59. 60.
818. 859. 983. 1007. 1061. 1071. 1111. 1115. - 69. 63. 89. 70..71. 79. 73. 74. 76. 77. 78. 70.
VIII, 309. 376. 395. 511. 678. - IX, 117. 569. 11515555150555, 111411. - VIII, 519.

639. 660. 669. 899. 954. 979. 1066. 1019. 1091. Naevio, Ioanni, IV, 1091.

1101151511555150, VII, 1031. 1063. -7111, 00. 998. 11555555 (germ. (1555), 1151855100, 111, 1963. 1964.
1766. 4·- IX, 817. 899. 841. 11555550 1115155511, VIII, 899.

11015550, 15555, ’7ΙΠ, 615. ’ ’ 1750005555 conventui III, 1949.

5 1151155, 1115555150, vid. 11511555. ἶ 1155510, 5150115550 5. (1155510.

11051555155551, VII, 588. ’ 1155550, Conrado, IX, 569. 836.

1105615150 (1105651555), 1115150, 711, 87. 868. 955. - 1155155550,Η15505., 7, 971. ·

7111300. 101. 145. 400..'005. 597. 541. 694. 639. 11555551550,Ῑο5551,7ΠῙ, 587.

668. 691. 737. 804. 316. 895. 859. 878. 894. - 1715155555550,155551, VIII, 187. ¹

11,'107. 100. 145. 169. 168. 188. 373. 438. 441. 11556555555, 5) Senatui 55155 055181 VIII, 415-1)

440.- 479. 596. 571. 630. 631. 639. 651. 797. 734. Ρ551051555, 17, 776.

735. 751. 790. 793. 790. 803. 895. 830. 839. 837. 116541055585555511516555, V, 91. 36. 189.

8475973. 971981. 1049. . 11051555555551 8555551, I, 7143 717. 759. 789. -11
555555, 5555, 117, 047. .· 040. 070. - 111, 100. 400. - 7, 000. 704- 71

. 1102104‚10201100,71‚ 100. - 7111, 07. 400. -- 1x,040.

11051155,·545515ι111550, 71, 701.. ubi 550 Maximo Aemi· Norinbergonsibus 1554051555, ΙΠ, 958.

11550 scribendum 551 5155 65510115515111550, nomon 1105555550, (15055, IV, 567. 663. - V, 04.

inclusum Oehmlero delendum. 11055 Aquila comiti (1155555555 Comes 5151155555
1155155555, 855515155155 555161, 17, 619. -- V, 15. etiam 1155555155), I, 15. 1043.

- 400. 451. ” ,1 ι = . · · 11505110, 0555, 1,·937κ ι

Mallem, 0555550, l, 889. 1093. . ‹ 5 1155555, Hem, (1055111, vid. 1105585515.
11515550, 5. 11511550, 8555511555, 7, 797. - 71,·1108. ”

1455515515, 8555150 51 1505555510, 71, 660. ι ’ “ ·

115555, 4510510, 7, 57. - 71, 500. .’ 0555555555, 10555511, 609. -- 71, 543.
115555, Apollonio, V, 404. 050015555510 (etiam 10010mp0610, germ. flamm),
11555510, Androne, VI, 104. -·- VIII, 67. 155551, I, 07. 615. 786. 1048. - II, 11.
11550510, Eutychio, V, 464. 495. 5955 -’71, 677. oedem, 8155, 71, 669. « · v

11550510, wolfgango, IV, 410..704.·1- V, 754. -· X, 056550, 1550151550, 71, 919. ¹ '

187. · *¹ 05555155), 17100150,1Π, 908. 599. - IV, 10961039.
11551555105551, 17, 959. . ’ · 1041. · .’
17104107111100101),10an10,17‚ 1007. . Oehmlero‹(Aeufflio), Georgio,.fflio 5555, 7, 101. 51
11)οο510 (proprie 1150555), 1151555100, 1, 870. 980. 981. (0555515551155550, 710. 1105115.)

1019. 1091.,1099. 1098.11099.«1030.1031. 1039. 05555110, Vito, 1715555550, ΠΙ, 1066. 1067. 1011. ¹
· 1040. 1047. 1063. 1013. 1093. 1108. - II, 10. 1934. - 17, 113. - 7, 141. -5-571, 345. 511Ι

11. 99. 00 111. 179. 960. 980.·440. 449. 506. Ι1533. 534. 559...-1711, 11091· .

546. 549. 579. 608. 709. 719. 189. 871. 040. 961. 0551550,15005οΡ5111550,111, 99.

975. - ΙΠ, 187. 905. 937. 9901 4074150439. 0115550151ομ815510, 71, 5605 ·*=

· - 447. 450. 407. 714. 717. 770. 0701070. 1000.* 050555515555555.11555),15,1555.

. .1097. 1104. 1170. 1100. 1100. - 17, 117. 040. 05550, Senatui hui7100ppidi, 17, 1000. - 5. 611-
.001. ⁷14· 010. 040. 004. 004. 001. - 7, 00. 36. 055555 (germ. 55555555, sive 5555555555,
, 51. 104. 109. 000. 400. 404. 400. 007. 707. 000. 111, 400. 000. - 17, 1007. -· 7, 07. 770. - 11
000. - 71, 47. 60. 70. , 011. - 711, 010. 770.
. ' 05551555, 5141 01555555, 0555.
55.. 1, 000.·000. 701. 1000. 1011. 1000. 1050. -·- ,5555555555 71, 000. - 17. 04. 07.

 

