161
8101110011 81001111, V, 168. -IX, 16.

ΙΙ. 1111110116. '11 mm mm. 1111 OEOS 1161.. 60616611.

6

Ι91010110,1.80011110,101001,,.,17689--7148-

8100118100101, Π, 464. 494. 501. 504. 516.· 547. U. 65. 66. 68.
590. 660. 699. 666. 110.-111, 1001101110. 681111,110111,7,101.-7ΙΙ,1016.- VIII, 852.

890. 426. 585. 646. 767. 924. 977.- IV, 147. 462.-

ΙΧ, 926.

0051110050-1,]18,014,319,..71, 0100110010, 150150, 718610. 666. 666. 666. 611.

860. ·- VIII, 540. 166.-111, 144. 664:

616661661640 (7’116060m0), 10111111, 7, 990. - VII, 0011011111811111 1)101011151ο,7Π,5’99.-

652. 725. 804. 847. 905. -7ΙΙΙ, 61. 190. 181.

8111011000,101001,Ι, 604. 666.

8101101111, 1700001110, 7ΙΠ, 118.

8110111, 17100110, ΠΙ, 1156.

81000010, Hieronymo, 1, 195.

8105111110, Aug, 11, 664.

811111, 810301. (germanice 111ςο111 801010, 800111
011 1001111111), 8078. 980- 118559·- IV,
1060.- V, 999. 11078111. 666. 664.

81511, 0111111111,111191030111,ΙΠ,119.- Χ, 5.

8161110010171001507, 115.

81100010, 7,010111. '61.’ 779.

8110111100118011158,7, 419.

8100111οω511 8151515, 118. 8110011011, 01110, 801·
011111.

8110010, 14011100, ΙΙ, 661. 470. 498. 552. 841. 675.
710. 775. 887. 841. 661. - III, 856. - 7, 218.
660. 474. -· VII, 158. 660. 842. - Χ, 146.

8111111011οι0, 800 ’0, 7, 709. 717. 799. 757. 856.
672. 906. ·- , 128. 207. 211. 249. 877. 406.
466. 594. 660. 717. 716. 616. 899. 957.
100. 169. 280. 290. 827. 862. 646. 459. 516. 549.
559. 795. 858. 857. 665. 1011. 1098. 1166. 1142.
1144. 1152. - 7ΠΙ, 19. 46. ¹113. 151. 611. 227.
900. 986. 406. 409. 461. 448. 474. 664. 904. 895.
698. 660. 669. 676. 111111111110111110.
856. 919. 940- ΙΧ, 8. 91. 64111. 195196.
158. 466. 426. 488. 521. 510111. 579. 600. 756.
646. 789. 819. 894 891. 849. 660. 8971049.
105810571056.

81055011010, Noae, 8110 8001311, VI, 585. 661.

8185011010, 4511111010, 8110 8001311, VIII, 907

80011001, Io., 78 770. 772.

18100151, 81091. ,1,285. - V, 175.

8130051300,100111.,1’011011011,8 521. 8881042.-
118 111.1001. 1161 1661.- v, 101.--11,

8111103010, 11001100, 7, 646.-461.-
- ΙΧ, 969. 996. 927. 666. 661.

8110110180, 8111011110, qni 011101 1000111111 8110011001
710011058818 664.- 111,11.11.-17,110.
- 78 666. ·- 718251. 998.

8110700οζ0, ,4100180, ΙΙ, 701. 849. 885. -Iv, 756. ·-

811108010111,11111110 0110110 8111550100,7, 111.
1651··-7Ἰ,64. 616.-216

811108010011, 11101110, 7ΙΠ, 599. 741. 771. 661. ·-
ΙΧ, 68. ΙΙΟ.189. 156. 166.

6111, 528. 847.

...00,

8101011111, 1000111101 uxori, Annae, vm, 96.

VIII, 876.
5) 101001, VI, 666.

0111010110,Ιο11111010(3011010101 00100101111676166), 8597. .
111. 666. 644. 646. 660. 661. 666. 666. 666. 666.
466. 466. 466. 664. 666. 666. 641. 446. 644. 660.
661416. 666. 666. 666. 466. 466. 666. 661. 606.
004606. 664. 606. 611. 614. 616. 666. 644. 666.
661666. 666. 666. 666. 666. 666. 664. 646. 066.
616666. 646. 610661. 616. 644. 666. 101111.
6666661006. 10061006. 1004. 1064. 1066.
1061. 1066. 1066. 1666. 1006106610661110.
1116. .- 11, 16. 66. ·41. 46. 64. 116146166.
666. 666. 666. 666. 666. 666. 640. 616. 666. 666.
666. 466466. 461. 466. 464. 466. 600. 106. 606.
604. 614. 114. 616. 661. 646. 646. 661. 666. 614.
666. 661666. 666. 666. 666. 666. 666. 616. 606.
666. 666666. 646. 646. 616. 666. 666. 666. 666.
mmmmmmmmmm.m
666. 466. 661. 666. 666. 666. 661. 666. 611.· 666
101. 666. 646. 061. 666. 616. 666. 661. 666 666. .
1666- 111, 14. 40. 66. 06. 61. 106. 161. 661.
146. 166. 604. 661. 664. 616. 166. 666. 666.
416 460. 466. 606166. 646. 666. 661. 666.
660. 666666. 666. 666. 611. 666. 664. 466. ¹·666.
664 6661016. 1066 10661066. 11061161.
11661166. 1646.-14,16.66.166166.660.
mmmmmwmmffi.m
666. 406. 604. 606. 611. 611. 666. 666. 660. 666.
661. 666666. 666. 600. 610. 616. 616. 666. 6 .
110. 646646. 646. 661. 666. 666. 666. 660. 155.
110100111001. 100111. 616. - v, 16. 66.
46. 46. 66. 64.66.66.106.110.116. 161. 164.
mmmmmmmmmm
666. 664666. 616. 666. 666. 661. 666. 666646.
166666660. 666. 661. 666. 664. 666. 406. 406.
110. 416. 466. 466. 466. 446 466. 466 466. 461.
466. 461. 466 464. 466. 606. 666. 646. 114 166.
666. 066. 660. 010001. 666. 664. 406. 604. 606.
616. 666. 664 460 664. 664. 666. 606 661. 11.
664. 666. 110. 660. 666. 666. 664. 666. 666. 66 .
011.111......011100111101011-111101101.
60. 60. 166 146 606. 660. 664. 6'66 666 666.
661. 666611. 616. 616. 616. 666. 146. 664. 166.
466.666.166. 616. 616. 616. 661. 661. 646. 461.
666. 461. 661. 666. 614. 616. 666. 664. 610. x666.
660. 660. 616. 666. 946: - vn, 106. 110.,111.
146 164.166.·166.166. 614. 660.· 141. 401. 406.
416. 416. 446. 461. 464. 466. 466. 606606111. ,
616. 616. 661. 666. 666. 641. 666. 666. 666.·166.

' 666. 666161. 110: 622. 898. 011011. 646.·140.

,,.

 

