w PHILIPPI 0061070000 OPERA.

161 1111011111. 71, 897. Cum 1117111111 0116111111. VIII, 799.
01117111 11717 17 61111111. 77, 764. 016711 1716171 et 1111176111. 70, 177.
(1176 ue 6711117 61171111. 77, 768. 01661010117. Iohannis. III, 947.
Quod 71117. 7117111. 1776716. Aprilis. 77, 154. 0171111111111 Itinere. 70, 608.
Quod lenire 61111111 11171111. 77, 661. 01161116111 11111-.11.711, 817.
61716111 66111111 71711111. 77, 694. 017 6111611101111111.70, 490.
911111 711111. 7, 781. 011611166106171111611111,6771111.77,641.
0111, 01111111 611711. 7,196. 011 611161716711-.06171111611111. 777560.
soit 11111 1117117111. 77, 817. 017 61116171 filii-‚Dixi 1171111611. 70, 899.
Scin uquue urgeri 16171. 7, 89. 017 61116111 6171 -. 1711 deprehendi. 70, 890.
Semper dubitator 61611. 7, 467. 011611161716111 -. Nondum 111ος71. 70, 891. ,
1111111111 11. vn, 11. 111 1111111110 -. noveni 111. v, 111. ¹
8111116111 11111 1161711. 111, 707. 011 61116111 61111 -. 01 11671111. 707, 761.
7111 11 116111 11161. 77, 968. 011 61116171 67111 -. 0111 81611761πεί1. 770747.
77611111 ἐπίσκοποι, 711. 7, 804. 0116111661 61111 -. 07 6116111111. 707. 97
Utinm veniens 111111 -. 616. 7, 769. 017 61116171 61111-.011771.770,460.
7116111111161171111771111. V, 867. 017 61116171 61111111· 11 111711. 77, 747.
776111 11111111 1171. 77, 807. 7117 beneficio pervenimus 71 11176111 17116111, 77,
1716111111, 011111 604.
0111 711111711 17111011. 77, 976. 017 beneflcio 11111- ‚Ad landgravium 7,.897 7
7111 1171111 Ρι117-. Utinm. V, 889. 017 61116171 11171-. 111117. 770, 81. 1
0171717111 16 11 misi. 7, 66. 0116111617111111-. 0101111111 11111011 777, ς
Et 7971086776661]7678771777ν 1⁰2 017277111617111171 -. 0161111761. 70, 179.
0711 1110011011111 111. 70, 594. 017 61116111 11171 -. 8117117116 111. 70,1117.
Imprudentium 1166111170, 804. 0176111661 11717 17711111111. 77, 187.
0711 silentium 7177. 7, 879. 0111171111, Patri -. 17111111. 77, 894.
17111111 16 11 1111117111. 70, 787. Deum 11011111, Patrem -. 01011111111111111111
177617 111761 61111111711111. 770, 789. 77, 918.
1711 1111111111 111111. 71, 799. Deum 11011111, Patrem -. 71 01111111. 717, 771
17111116111111111. 707, 695. 01111 111111111,Ρ171111 -. 0117171111 171711. 777.
’61117111 111 61 voro 011. IX, 607. 649.
'Ut 61 11 1411111 Inquit 70, 819. 01111, Patrem 6611111171. -. 71 01111111 77, 791.
1117116111, 0617111161111 0111 1161111111 11111111. 77, 900.
111117 71 611. 7, 766. · 0111 11 1111116111011. 707, 774.
0171717111 71111 111 71117111. 7, 87. 011 11111111 01111111 711111. 77, 885.
07 71 11111 1111761111 77, 906. 0711 11111711111711111 11117 1116111111. 70, 946.
0611011111111111111111111. 77, 791. 007 11677111,161111111111. 7, 860.
0171 71 omnibus. 707, 107. 0717 1111 et 611111 70, 9177.
- 1117116111,1771611171 0016111161171 16611. 77, 706.
111191111ρι11 16 1117111. 70, 998. 007 67161711 111, 11111711. 770, 194.
1111117111 117111 671611. VIII, 968. 0111 711711 111117 1111116117. 70, 441.
Ago gratim 011 -. Post 11111111. 770, 89. 0117 6117 11 7711761111 70, 967.
Ago 111611 11 1711 0711711611. 77, 866. 007 11116 01716111. 77, 706. ’
6167711611, 111 771111 1111. 77, 761. 0717 1161611611 111. 77, 657.
· ,416711 671111 671 671611. vm, 104. · 0711 11111 mention. 77, 904.
cennius mihi non 111111611. III, 197. 01171111111171711711 77, 707.
011-7111 117, 011 11111. 70, 1014. 0117 tempora 11111. 70, 449.
'cm Deo 71111111, 06611111. 77, 688. 0117 nstro 1167171. 70, 466.
01111 domum 1167711161. ΠΙ, 516. Existimo christophoro 167711. Vm, 40.
01161611111111111 ..77,949 016106ὼο1611116111. 7Π,666.
011 Intelleximus 7171111111. 77, 887. 0111117 honestum 16611 161111. 70, 966.
’0111 71111 profecturus 11111. 77978. 7111611111 7177117111 61111111. V, 687.
0111 11761 01111111. 7, 770. 011611 11111671 11111711. 77, 797
0111 1111 1166161111. 77, 696. (711611 11111971 pro 1011111111, 908.
0111 seimus utrumque. ,777, 1064. Gotho 11671 111 111 111671. 77, 617.

 

