179 PHILIPPI immonis orm ' 181

- 71, 178. 649. 688. 789. 746. - 711, 99. 147. 870. 939. 960. 961. 969. 975. 1991. 1108. 1149.
588. - VIII, 39. 88. 140. 350. 407. 637. 675. - VIII, 85. 89. 103. 130. 148. 163. 884. 879.
690866. - IX, 672. 898. 315. 349. 351. 373. 484. 481. 511. 515.
Aquilae, 11010 (sororis Cognominrtus). vl, 816. - 001. 000. 010. 010. 011. 011. 111. 111. 110111.

7Π, 689. 760. 799. 844.-7ΙΠ,54. 118. 835514. 846. 867. 980. - IX, 126. 159. 178. 185189.
,4110010101ωεὶ Senatui, 111, 608. 300. 996. 489. 599. 538. 589. 548. 554. 576.
613001001000160000110100010161100, 711, 97. 767. - 580. 608. 643. 668. 666. 780. 783. 798. 804.

X, 171. 819. 835. 840. 896. 994. 945. 988. 1081. 1085.
Δ10010110001 Senatui, 7Π, 763. 807111841ωο1 uxori, V, 438.

Aucto, 1101011110,Π1, 708. - IV, 1051. Βο01030101010,Ηίοιοο., 6110,711, 1183.
4018011101. 8010100 academicae 0001 1101006100 ut Bnomgormero, 8010110110, 11,994.- 7, 941.

1000101116,1,1081.- 11, 557. 579. 488. 650. 8001010010, 05011158. ·
’654 791. 798. 895. 944. 959. - ΠΙ, 79. 186. 8011001011001011111. Ρ31001.

819. 374. 378. 419. 570. 1088. ·- V, 86. 199. 1101010,Η1110,18,6. 114101.

888. 839. 873. 888. 487. 513. 581. 538. 669. 781. 801010, Christiano, 1, 10181095. - Π, 34. 666.

810. 888. - 71, 54. 57. 191. 768. 719. 784. 814. 815, 680. 887. 988. .

954. - 7Π, 151. 165. 558. 856. 919. 1048. -·- 801010,1.000110110,111,99.- 71. 798.

VIII, 65. 78. 999. 488.-111,169. 991. 595. 698. Belloio, Guiliolmo, Longooo (0011100010 11 811111,
“ 9041079-11, 81. 89. 89. 85. 88. 89. 90. 91. 98. 80100001 1010101111, 789. 915. 1088.
Augusto vindelicorum. 0) Senatui, VH, 1094. 1116. 8011010 10011111, 11000000, 11,009.-111, 1118. 1181.

1145. - vm‚40. b) cummaioribus, 11, 001. - - 400. 000.

01. 148. , 8011101100, vid. 8111100110.

Augusto, 11001 8010081001014, 7111, 868. 899. 495. 0801610080011, 16. 17.

603.. ·- IX, 67. 319. 348. 408. 591. 766. 846. 8001603010, 111, 617. ..

4101101110 (011·001110110111), Ioanni, 71, 358. 868. 684. 80101100, 8014011 1701110οε1011 10 8011001111, 11, 854

ι785. -711, 656. 699. 755. 7931 860. 10841966. 6011011010, nmmo, 71, 853. 861. -- 7Π, 16814

1067. -’71Π, 45. 88 118. 184.145.150.866. - 7111001. ,

1010. 606, 750. -- IX. 149. 187. 483. 545. 560. 0 19010, 4061000111, 965.

601. 657. 809. 943. 951. 953. 959., 1060. 1097. 0 Bag, 10001100, vi. 558. 554.
4010311110,110611.(0011110110),17,834.1 080100, 1000111010, IX, 188.

,ἱ-. , , , ’ 1 · Bembfflkh, Ffflffiffli wo 6645.

, a Bfflffln, lom-”md 4851·
Boium 801010, nmmum, 711, 711. 889. v·- vm, Remis Imbros, 111,011.

158. 483. . . , 1 8010600065οε 000010001011500 7111110105.
60140100, 8111001000, 11, 388. 8000110, Hieronymo, vl, 363. 370. 417. 571591.
80100010, 80110110(Αο1001117),11,940. 596. 661. 787. - 711, 189. 889. 340. 515. 547,
80101010, Dooi Pomeraniu 8104600001, ,0030010100 pii, 548. 786. 887. 963. 976. 986. 1076. 1101. ··

7, 381. - vm, 861. · 01111111. 00. 134. 164. 874. 485. 48061616.
a 80111011, luo, V, 519. -- 111,. 958. , . 817. 845676. - 1111178. 671. 805. 898.
8000000000, Hieron.. Ι.. 517. 617. 618. 651. 654. 8111101100,Τ1100110110,ρ1001.0011001101,1, 1111.

660. 664. 677. 678. 681. 684. 686. 696. 699. 8110010, 1710.. 7111. 917. · '

713. 787. 736. 758. 790. 791. 798. 797. 900. 936. 1311101101, 10000040180100110000,7, 563. - 71, 711.
,988. 159. 954. 975. 983. 998. 109010681070. 787.

. 1077. 1086.Ι 1115. - 11, 58. 485. 491. 588. 631. 81010010, 11011100.,1, 7.
, 647. 895. 846. 900. 979. - 111, 9. 66. 76. 199. 810000οε8000, 7Π, 991.

355. 375. 613. 785. 758. 803. 907. 986. 1018. Ι 118001, 176113, 1701096. ,

1010.1110.- 11, 89. 111. 1111111111. 0001000ος0... r. 0010000 (10100100), 1000, 1111
1,669. 736. 807. 898. 866. 868. -7, 94. 39. 481 275· 299· 307· 741· *1¹0 519.

60. 69. 94. 184. 949. 855. 850. 858. 866. 908. ¹ 8011001011 ot 1111006011 Ριι1011600 VIII. 488.

- 11, 11. 10. 00. 114. 110. 100. 110111. 040.'110110.1rom0,v,01. 103. 843.

858. 894. 898. 301. 373. 698. 410. 411. 463. 591. Bordingo, 1000110, 7,- 794. ·- 711, 95. 644. - Ima

668. 791. 747. 788. 884. 990. 946. -· 711, 88. 88. 99. 109. 158. 174.. 987. 304. 875. 186. 683.

01. 104. 144111. 110. 011. 110. 1110101111. -111, 179. 191· 197. 911. 481.. 02⁰· ⁵⁸⁹· ⁶⁵⁶·
. 455. 486. 501. 588. 544. 550. 568. 573. 580. 5861 9959591099. ,1 , “

, 000. 010. 011. 041. 040. 0100111111. 111. 1110. nurnero, 001. 111101...

758. 757. 766. 786. 789. 790.·808. 8131887. 654. 6100600101ωά Semini, 111, 71. -ι- IX. 649.

 

