11 1. 1111111111 1111111111111111111111. ’11 111111 11

61111111 11111 6111111111 1111111 Ι1111 1111, 1111111111 111 111 111111 1111111111 111111 111111 111 1111111111 11111111
11111, 111 11111 1111 1111 111111 111111 11111 111111, 31111 111 1111, 111111 1111 11111111 11111, 111 11111 1111 1111
111 11111111 11111111 11111111 11111111, 111 1111111 1111 1111111111111111111111111111111 1111111111,ι 1111111
11111111111111111111. ,1 111, 1 111 1111111111111111111111111111
11111111 11111111 11111111 1111111111, 1111111 1111 111 1111111 11111111111111111111111,1111111111,
11111 11111111 1111, 111 1111 111 111111 11111, 111 111, 1111 1111 111 1111 11111111 111 11111, 11111 11111 111 111111 111
111111 1111111 111111 1111111111, 1111111 1111111111, 1111 11111111, 1111 11111εὲ1 1111111111 11111 1, 1111111 1111
11111111111111,111111111111, 111111 111 11111111 111111 11111111111111111111111111,111 111 1111 1111111
11111 1111 1111 1111111, 11111 1111 11111111 1111111111 1111 11111111111111111111111 1111111111 1111111, 1111111111,
11111111111111111111111111111111,1
11111111 1111111111, 111 11111 111111 1111111111 1111111111 1111111, 11111111 1111, (51 1111111 1111111111 111111 1111,
1111111111 1111111111 1111. 111 11111111 111, 1111 11 11111 111111 111, 11 11111 ,11111
¹ 3111111111111111ω11,111111111111111111111 1111· gebu 11111111111111 1111 1111111 111111111111,1111
111, 1111 111 1111111111 111111 1111111, 11111. 111. wil· 11111 1111111111, 1111 1111111 11111, 11111 1111 1111 1111
111 &⁰¹¹ 1111111111 111 11 dnm 111111 11111. 11111111 111111111111311111111111111111111111111111111, 11111
111111111111111111111111 ’111 1111 111111111111111111111
1111111111 11111 111111111111111 1111111111111 111111· Μ G} tnaith 11111 11111111 1311081111 11111111 1111111ι
11111111, 111 1111111111 onum 1111111111 1111111 1111 111111, 111 1111111111 11111111, 111111 111
111111, 11111111111111 111111 1111111111, otte. 1111111. 11111 111111 111111, 1111111111 1111111111, 1111111111 e·
fflt 11111 1111111111 1111111111 1111111111 1111111111 11 111111 1111111, 11 1111111 1111 111111 111111 111 (11 ι ·
1111 1111111 1111 [1111111111111111111111111111111, 1111 11111111 1111 1111111111 1111111111 1111111111111,
1111111111111 1111111 werd, 1111111 111 1111111111 111111111111111111111111111111111111 11111111
Μ 1011111 Min 6111111111, 11111111 1111111 11 1111111111 1111111, 1111111111 1111111111111,111111 11 ·
111111 111 11111111. 11111 111 111 11111111, 1111111, 1111111 11111, 1111111 111
811 1111111, 13111111 111 1111111111 111 1111111111, 11111, 1111111, zob, 111111111111111111 111 1111 11111

n 1. 1111, 11111 311111 1111111111111111111111111, 1111111111111111111111111111111111.
111 1111 1111111111 111 ,111 11111111111111111 111111 - 611111111111111111111111111111111111111
1111111111, 1111 111111 11111 1111111, 11111 11111 1111311 11111 11111111, 111 1113111111 11111, 11 111111 111111
1111111111 1111111 11111, 11Ι 1111 1111111111 111 111111 111 11111 1111 11111111, 11111111111111111111111
11111111 1111 111 111111 111111, 111 111, 111111 11111 111311111111111111101111 1111111 (111111 111111,
11111111 11111 11, 1111111111111111111,1111111111 11111 1111 111111111111111 1111111, 1111111 1111 (111111
mk 1111 11111 11111111, 1111111111 1111111111, 11111 111111111111 1111111, 11 11 111 111111111111111111
111 11111111 &omo 11111, 11111111 111111 1111111111. 1111111, 11111111 11111111. ¹ ⁸
iffi 11111 merae, 111 1111111111, 111 1111111 11111 m &ragom aem 1111 ‘mmm ἔζη bffinszbffi:

Β 1111111111 1111 11, 111 111 11111 1111111111 111, 1111111, 1111111 11111111111111111111111111111 111
1 11111111 1111 11, 11 1111111 1111111111 11111 111 1111 111111111111111 111111111,111111111111111111111
111111 1111 1111111111, 1111111111 111, 11111 11111 1116111111 11111111, 1111 111111111111111 1111111 111111111, 111 1111
fi& sm obba 61111111 111111 11111111, 11111 11111 1111 111111 11111111 111 1111 1111 1111111 1111, 111 1111111111

1111111 1111111111 111111, 111 111 11 1111111111, 2:⁰0, 1111111111111 1111111111.
1 111111,11111111111111111111111,11111111111111 1, 111111 111 111 11111111 11 1111111111 1111111111
1111111 wit 1111111111 11111111 uben· 11111111 111111 11111, 1111 111 1111111 11111111 11111 111111,
311111111111111111111111111111111111111111 111 1111111111, 111 1111 111 11 11111111, 1111111111
11111111 1111111,51111111111111111111111111111,1111 11111111 111 11111111 (1111 11111 111 11111111, 11111
111111 11111111 11111111, 11111 111 1111111111 111 1111 111 1111111 11101111 1111 1111111, 1111 1111111 1111111111
111 111111111111111 111 11 11111111 111111
11 11ῑὶ1118141 111 11111111 svm, 111 111 111 11 m ἔξω 1111111111 1111 111111 111111111111111
1111 1111111, 111 1111111111111 1111 111111, 1111111111

mm„ 11 1111111 111 11111111 1111111111 ,61 11111111 1111 11 1111111111 menidi
“ 11 111111,’111”ἕῖἷῖ 3ὲὶ Ὺηῖῗξωὲωῗᾞξ 1111 1111111111,11111111111111111,1111111
1111111 11111111 1111, 111111 1111 11111 1111111111 111111, 111111 ben glauben

 

