11 111.111.11111111111111111111ο1111 s u Ν

1119111111911111111111111(11119111111111111111 11111919111119111111111111111111111 1111111111 ,
11911911111911111111111111,111 111111911111191111, 1111111111 (11111111, 11111 11 ,911111 111111 1111111111
111111 (11119111, 11111 1111111111, 1111 111 111 1111 1111, 1111 11 9111111111111111111,Θ1111111,1111ἰι
111911111 1111111111, 1111 11 aud) 111 11111111 111 1111111111, 1111311111·11911111.11111 11111 11111111

1111111111 11111 1111111111. 1111111111 11 1111. &o 1111 9111111 911111, 111 11 11111111111111 1111111111 ’

. 1111111111 1111 11111, 11 1111 111 111111 111. 1111191111 1111 11111 111 9111111, 1111111111 1111 111

’,1111111111 111111 111 1111) 111 11111111 11111 111111 111 111111-111111119, 111111111111111111 ¹
1111119111 1111111111 1111 111111 111 1111111111, 11111 , 11111, 1111 111111 911111 11111 1111 1111111119 111111 ¹
1119111119111111111111111113111,3111111111111. immamus 1111Ι 111. 1111 1111119 111 11111111 ¹
111111 9111111111, 11 1111111, 1111111111 1111911111 macheu, 1111111 911111 111111 111111 111111 111, 1111 1

111111 111 1111 11111111 111 9111, 111111111111111111 111111111111111111111. , ,
11111) 1111111 1111111. Su 1111, 11 11 1111 111 ,11111 1111 1111111111, 111 ’

611111111119111111,11111111111111111111 1191111111111111111111111111911111, 1111111111 ,

91111111 1111111 111 911111 111111, 11 1111111111 111 111111, 111 111 1119111111 11111119 1111, 1119111119 111

11 9111111111111 11 1111111111 11111 1111111119111111 111111111119111111 11111111 1111111111 1111111 bix ¹

1111111, 11111111 1111191111 111111 11111111 111111 et· 1111111111, 11 1111111 11111111. 11 Qun 11111111, 1111
1111111, 11111, 11111111 ,111611 111 11111111 111111 111 11111111 111, burg 1111Ι 9111111 1119111119 111
111 111 111 111 11111111, 111 11 11 1111 111111 111111, 111111119111111111. , .

1111111111 11119111,11111111111119111111191111111 1111111111111111911111111111111. ’

111111911111111111111111111111111, 9111 11111 1111111 1111111111 111111, (111111111111111,’119111111 ¹

1111111111111111111, 31111, 1111111111 1111111. 111111 111111 111111, 111111119111911911111111111111 1
11191111111111111111111111111111111111111,1111111 911119. 111 1111111 11 11111111, ,111 11111111911111,

111191111111111111111111111111111111111111119 1111111111111111119111191111, 1111 1111911111, ¹

111111 111111, 111111111111111111 9111111111, 11911111111111111, 111111111111111 1191111911 1
1111 11111 91111111. · , 1111111111111111111,1111111111 1119111111,
1111111111111111111111111111111 11111111111111111111111111ιὶ1 ¹
1111111111111111, 111 1111111111 1111 1111111111, 11111. ’ '⁴ ¹ ·

111 1111 1119111111 11111 1111 11911, 31 11111 111 1111111191 111 1111111111 1111111131111111111111111 N

1111111 111 1111111111 9111111 1111, 111 1111111111 1111111 111 1111111111 11111111 1111111119111111111111 aud)
11111, 11 111 1111111111 1111111111911911111111111 1111111 11111, 111 111111 11119111 ·’11111’ 11111111
11111 111111. 111111, 11 1111111111) 9111111 1111 111111 111111 ,11111 9111111111· 11111111 u 11 111111, 1111
1111, 11 1111 1111111 1111111911111111111111111 1111 11111 1111111111, 111 11111111 111111, 111
111111111111111111111111111111111111111111111 11111111 1111111111, (111111111111111.
111 11111111 11111 91111 1111 1111111111 1111, 11 11111911 11111 A
11111111 11111111 1111111, 1111 11 911111, 11111, 111111, 611111111111111 11111 111 11111111 1111111 111111,
11111111 9111 1111111111, 111111 11111 9111111111. 111 111111 1111, 1111181111111111ἶ 11111111, 11111 911111
1111111111111111, 111111 1111111111 9111111, 111 111 111, 11111 11111111 111, 1311111 111, 111 91111 11111 111
1111111111111, 11111111111111 1111111111 11111 1111 11, 111. 1111. 1111191111111111111191111,

1111 1111111, 111, 11 11 11111111·1111111111 1

11111111,11111111111111111 111111 11111111, 1111111111 111 11111 1111111111 1119111119 1111111111, 1111 11111 1

11111111, 1111 11111111 1111111111 911111 1111111, 1111111 11 111 11191 1191111111 91111111 11111111111111. ·
11111 11111111111111111111111 11111111111111111111111
11111 [offen 111111, 111111 9111111111111 11111 1111111 11111111 1111111 111111, 11111111111111111111911,111
11111111111111 ,11 111111 1111 ¹⁶ ¹¹¹
1111 111111 111111 1111111 1111111111, 11111 111 11111 11111, 1111111 111 9119 911191, 111 111 9111111111 111
α αὲιτιιῖιῗῐξπ1181ῒῦξὶἕι111 1111) 111 11111911 9111, 1111 awti& 11ῗέἷέἑὲῃὲῗῇ ἕξῴὲιξὲῖέἔίῗέαἳοῗ
11111 111111, 1111 111 111 11111111, 11111111 11111 111 1111111111 91111111 1111, 1111111119111111 111
fun 1111111111, 1111111θ111, 111111 111 111111 11111111,11119111111111111, mire . . χ
1111111 111111 111 111 1191111119 111 11111 11, &a 11 11111911 1111 1111111 111α1ςῖεη131111 {fffssufub‘fss'ffi

111 1111’1111111111111111 11111111ῖὲ1 111, 11111 11111111 111111 ⁹

mmmmmmm ’

1111111119111111111111911111111111,11111111111111 111111111111111111111111, 1111111111111111111111 ’

1111111111911111111111111111, 1111 111 111111 111 91111 91111111 1111119, 111 111 1111 11111 111 11111

 

