111 11. 1101011 011011 101001000001111. 10111111. 111

1367. - 17, 143. 148. 161..169. 333. 303. 670. 369. 3813114306. 314. 333370374137316301
,1003 - V, 112. - 71, 30. 33. 34. 63. 431. 441. 463. 463, 473. 786. 736. 800. 301343.
10116011 uxori, catharinae, Π, 41. ’ 367. 366.,.877. 373. 837. - Ι71, 341 316. 336.
11016011 11110, 1110100711, 30. - VIII, 418. 363. - 336. 303. 440. 640. 661. 6131668. 714. 7641313.
111, 160. 616. 733. 377. 834. 333. 363. -- 711, 83. 103. 331. 367.
11116011 1110 Ioanni, VII, 802.- 7111, 163. 377. 1106100000, Pom, V, 66. 102. 373. 477. 883. -0 71
1016011611οΡ1110,1Χ, 1064. 333. ψ- VII, 594. 169. 181. 804. 813. - VIII,
0 1101060106. 40016, H, 683. 333. 696. - IX, 607. ’
. . 1101006110, 11106101001001101611 60166011011110.
610000, Daci Μο0000111000, 11110 Ηο01101, 1363. 864. 13.-*111 437. 616. 6360763. 774. 941.— IV,
1088. 1089.- 11, 13. 661. 666. - 111706. 737 111. 707. 730. 333. 344. 333.900.-7, 13. 370.
1101011, Ιοο001,110000,711 73. 363. 396. ,603. 683. 767. 380. 868. 833. -·- 71
1101011 (610101), Georgia, VI, 861. 376. 376. 434. 433. 187. 304. 224. 292. 242. 248. 361. 331. 393. 397.
. 447. 469. 643. 643. 636. 648. 673. 631. -— 711 300. 364. 378. 439. 444. 636. 641. 604. 611633.
-384, 1003. 1010. 1063. 1076. -·· X, 11. . 638. 663. 638.Ι 706. 789. 830. 831. 314. 866. 836.
0 6101100, 7600601100, 11010ᾱί11110 610100011οῐ10 1100000- 904. 308. 913. 343. 348. -- 7118. 81. 133. 131.·
111000, 711, 461. 333. 214. 292. 334. 361. 401. 407. 413. 417. 419.
6100110160001600 Ρ101011600, 7Π, 636. 431. 441. 447. 466. 412. 489. 660. 637. 606.,639.
6111010110, 1001111,Π, 14. “ 643. 648. 666. 670 736. 811. 330. 333. 833. 864.
6101600610, Ioanni, 711 643. 783. 731. 860.1163.·--. 869. 908. 317. 946. 366. 376. 373. 383. 333. 1008.
71Π, 44. 41.144..2.91 331. 808..-·- IX, 363. 1014. 1064. 1112. -· VIII, 16. 40. 43. 68. 37.
374. 666. 748. 811. 303. 104. 107. 131. 138. 134. 164. 181. 228. 337. 343.
6101001101001101,11648.331.334.1006.-1Π,163. , 331. 364. 374. 378. 333. 336. 363. 368. 393. 444.
-17, 308. 1066. ··-7, ,.376 -71, 17. 63. 330. 463. 606. 636.
,.337 360. 816·- 711, 182. (11001010 ΙΠ, 163. 6101006010,061101006010, 11110 6110610111 (10010111, 7,
,610100 610100110 ex 011010 10011010 001. 111 61. 1. e. 37. 366- 71, 330. 306. - 71111107. · . Ἰ
Magistro, aliquis 01 errore 10011 Marco.)- X, 6101006010, 61106001111101011, 1111010-0111, 436.
131363. ’ 633676. ν-111,413.6301“640. 608. 670. ,
611100101600, 13001000 1701000011733. 1401001110οἰ, 1611100101 II, 932. - V, 106310.
1401100601οωιί Somni, VIII, 636. - ΙΧ, 141. .
1101110,οω0..111,000. 1101036001,θίρε010060,11,366.377.
61011100, Andreae, 1,526. 643. - vm, 111. 6101061011, 6101100110, 1443.
11011011,Ρο00,7, 143. . 6100010000116000101, 17, 731. 3731 «163.
611060010,1001101, 17, 921. - V, 31. 93. 160. 180110010110110 1,1034.-11,373.-’17,117.160.
183. 336. 661.- 71 47. 133. 303. 319. 364. 1071. 71 .,’1.4 160. 311. 366. 463. 467. 766.
294. 304. 346. 461. 643. 713. 733. 734. 746. 313. 779. 848. 71, 868.- 711663. 677.-7Π1,
846. 307. 343. 966. - 711, 33. 336. 333. ,313. 486. 693. 787. 863868. .
343. 449. 482. 481. 631. 676. 698. 603. 633. 663. Manio, 11000610, 6110 Iusti 610011, ΙΧ, 639.
764. 790. 194. 806. 307. 834. 8361366. 366. 307. 1100111011ιο VIII, 868.
944. 363. 970. 1000. 1006. 1030. 10461103. 10111010,’100001,17, 1034. ” .
1161. - VIII, 74. ’30. 1006731319. 333. 3411 11100110,100060, 1, 7331018. -IV, 1068. -1x..295.
419. 436. 699. 671. 747. 773. 737. 789. 813. 638. 111110610, Iacobo, III, 43. 44. 164. 366. 336. 646. 686.
396.-·1Χ, 110. 168.. 163. 177. 133.. 301. 333. 981. 1063. 1166. 1333. - 11413. -- .v, 98.
433. 610. 617. 649. 734. 760. 786. 783. 304. 333. 104. -- 71, 308. 310. 313. 331. 334. 336. 344.
341. 303. 303. 336. 973. 1067. · 389. 436. 479. 638. 660. 616. 617. 643. 630. 681.
Matthiae, 71 647. . · 3441 - 711, 344, 834. 1924. 1167. - 7111 107.
111111111110010, 71, 8034- VII, 10391 - 71Π, 646. - IX, 14. 248. 368. 460. - X, 19. 30.
731. - 111, 836. . · · 6110000, 4061000, IX, 18.
61001160, 11001301. 61001011, 7, 8. - 71, 606. 736. manicis 016101600, 7Π, 46. 64. 367. 370.

814. 364. -- 7Π, 363. 303. · · 6111110610, 1101060160, ΙΠ, 633. 960. 1080. 1103. - ·

611010,11010110160,Ι, 18. 34. 63. IV, 668. 673. 707. 847. - 71, 131. 636. - VII,
maximiliano 11, Regi, IX, 881. = 136. 296. 613. 636. 607. 664. 843. 1003. 1033.
Mecum, vid. Myconius. - VIII, 730. - ΙΧ, 173. 344. 316.
61061010, 17100100, III, 408. 613. 707. - IV, 164. 11111, Thomna, VIII, 736.

161. 411. 677. 694. 706. 763. 803. 830. 8914} Mittweidemi 80110111, ΙΠ, 1033.

v, 73. 01. 01103. 111. 101. 101. 111. 111. 011. noluo, 00100, v, 111.
mmm. 031111. vol.. XXVIII.

 

