811 u 11018118 11111011 18181081881888810888111001 1111811811 88 “

1181 libellum, quum 088. 1, 880.’ 18188118, Petro 188181 ·

11111888 18 opinor 881818. ΙΠ, 080. 141118 exemplum 888188818818. 11, 18.

vitum 8881188 81 8888181. 11, 870. 118888118, Potum

148ρῆ1888, 1104818881. 11, 157. 01011181 18 8811111888. 111, 470.

Meum 88818811. 1, 080. Cum 8818811 1180 118181. 1111, 817.

nmmum 1188. V, 8. cm 118 in uagum vm, 811.
1088801101 088 11888888 811, 8818888. 111, 1088.

11181 18188881 18 plurimi. Π, 084. 088 politianus 888111. IX, 418.

111 iu omui 81888. 111, 80. oum 18188188 1181111811 7111, 110.
1118888, 11008111 1181οω80818 8118 1188 1181818 11, 808.

mni 8810, 88118818 188118 1, 891. 1181 bmefluolvrmoomrdium ingrati. IX, 844.
10811888 8. During, 08111888101 Egone 88 81188118 188 1111, 58.

888881 1888 1118188, 18 quibua 1, 995. 088188808881881881. lx, 511.

(1888888811 1101 88181188 1, 909. mu 8811188 8181118118 18 0118818. 1111, 410.

18 88888 8111881881 88. 1, 948. 1111188188188 811811118181188. 1Π, 750.

Opportune 888881 1888 1118188. 1, 909. 111 801 gratiam 118088, quud 1818111111. Vll. 810.

8811881 88 semum 81018 1, 818. Emi 118οἰ1808888, 88 8818, IX. 810.

1111888 1888811188 8181. 1, 801. 11181 pium 881 magia. 1111, 407.
(1118180), 1888111 Episcopo: Exitium 88 synodum. 711881.

Quum grato 8881818. 1, 809. · 11188818188118 0888 11Π,· 840.
1118881180,18888881 ¹ (118881 1111818188 88110881. 1Π, 855.

Arbitror 18, 81 881188. IX, 181. 111818 8811818 888188. 1111, 847.
1118881180, Ma (1181188 1101 118080 810 188 eg: 1118 0888018801.

881 mum domi 1118. 711,ι 811. vn, 801.
morgan, 88881811 1118 (188881 1181188888. 111, 074.

0111180811 ein 818111 1118111, suem. 111, 400. Im 118818 viduor. 1111, 808.

01118 881 8111110111 88188111. 11, 700. 18 Delium 1881818 18818 111, 711.

1181118 8188888118 8111111, 889. 11 8108 Η8188108188. ΙΧ, 801.

1101881118 1111 18111, 1811 011 eumenum 111, 480. 118 88881 verum 8818188. 111, 1000.

Belga 0018810110.8117111110118 8111811. 1111, 801. 1808118881 1188181188 111, 007.
11088801118, 1818811881 88888811088111118 1888. 1111, 185.

88810 brevi vestrum. 1111, 188. ungu· 8881 voluptate lugi. 11Π, 70. ι
18018888810888881881 11888818 8111818888. 1111, 471.

1118188818,188818.111, 411. ’ 111118 vobin historiam 1188818818 111, 1088.
18188818188388), 011881 1181118188 81 1181101118 1118118 8818018188. 1111, 000.

1818818888 eonsilium 881118 11, 808. Nou 88 81188 nomentum. ῙΧ, 148.

Nou 88188 benevolentia 711811. ·

1111888, 08881881 M? ⁶⁰¹9& *mfw' Ἥβη

8111 em, 0111111, ,118 1811. 8111181111· ”¹³ ·
Unrug Ioanni· out 111718 1181· 8888188. IX, 010.

1888118 8888881181. 11, 088. ἓωᾝῃτέᾶὲἰξξῖ ᾖῧὲοθῡ
1118188, 118110888181 ²⁸ ⁰ · ' ⁸ 353 ’

11111811 ⁰⁰⁰⁸⁰¹⁸¹¹⁰ 711 Vm· 4⁵⁴· fflfflffifflu 111, 888.

[11211301ἐυῖ81οΜ v. 08 1111011811. 111 1111.

8810 18 8881111888 Ecclesium. 11, 890. πωξ μὴ, mr„ vm, 250, 1

11118818 8. 1111118818, 1818088111

1881880, 1888111881 ¹ (11818181 tibi, mi 111811, 8101188188. 1, 594.

188818880181188888181188. 1, 488. 1188811811 1018888. 1040.
1818111118 8. 1181188188, 1181111888 81] (1888 88 “ ’8888 1018.

Quanquam 1188 18888188 moestius VH, 888. 01 818 11818181. 1, 101.

081811018818 8880. 1, 050. · , 1881818, Georgius
188810 88881811 nume 1881188 suerum X, 188.

Cum 8888 88881018. ΙΠ, 740. 181118 8. 101818,11181188111

Fertur 88811 uus. 11, 701. Amo 8188188 1888. 111, 870.

,μ

 

